92,35
0,273
0,270
3,2
3,1
3,3
10,110
10,84
10,198
10,80
10,194
10,264
10,206
10,1
10,24
10,2
10,3
11,27
11,13
11,20
11,7
11,16
11,1
11,29
11,2
11,3
9,7
9,4
9,1
9,6
9,2
9,3
8,8
8,10
8,4
8,17
8,5
8,1
8,13
8,2
8,3
12,2
12,1
12,3
20,2
20,1
20,3
19,2
19,1
19,3
18,1
18,3
91,4
91,3
91,2
91,1
91,0
52,1
52,3
52,2
34,5
34,4
34,1
34,3
2,2
34,2
33,1
2,1
33,3
32,1
2,3
32,3
14,1
14,3
13,1
13,3
0,315
0,0
92,34
92,33
92,32
92,31
92,30
92,29
92,28
92,27
92,26
92,25
92,24
92,23
92,22
92,21
92,20
92,19
92,18
92,17
92,16
92,15
92,14
92,13
92,12
92,11
